1-13 1 12 1
1-14 156 1077 135
1-15 119 600 85
1-16 151 1009 187
1-20 111 1553 111
1-21 66 1611 113
1-22 136 1349 54
1-23 150 1816 168
1-26 361 2777 376
1-27 90 983 83
1-28 325 2498 337
1-29 492 2971 1325
1-30 115 869 108
2-2 22 124 11
2-3 84 436 66
2-4 536 3167 306
2-5 428 2599 411
2-6 2809 7805 974
2-9 106 580 54
2-10 0 1 0
2-11 38 140 13
2-12 89 722 50
2-13 100 625 105
2-17 175 640 49
2-18 269 2468 235
2-19 313 2432 241
2-20 420 2740 214
2-23 281 2486 194
2-24 122 659 87
2-25 112 818 53
2-26 108 837 114
2-27 96 641 99
3-2 104 704 65