1-13-20 1 12 1
1-14-15 13 103 19
1-14-16 5 81 12
1-14-17 14 76 6
1-14-18 13 114 9
1-14-19 5 70 30
1-14-20 14 78 9
1-14-21 41 150 13
1-15-15 12 79 8
1-15-16 19 89 11
1-15-17 16 107 19
1-15-18 4 90 17
1-15-19 13 63 8
1-15-20 18 100 20
1-15-21 7 127 12
1-16-15 5 80 5
1-16-16 29 123 18
1-16-17 12 62 5
1-16-18 4 54 10
1-16-19 4 85 12
1-16-20 11 94 4
1-16-21 14 100 21
1-20-15 7 138 7
1-20-16 12 157 16
1-20-17 7 117 11
1-20-18 8 133 8
1-20-19 8 72 5
1-20-20 16 102 8
1-20-21 9 125 19
1-21-15 10 88 6
1-21-16 15 130 9
1-21-17 27 152 12
1-21-18 4 91 27
1-21-19 7 96 3
1-21-20 5 62 5
1-21-21 8 126 12
1-22-15 13 151 7
1-22-16 8 167 4
1-22-17 16 159 2
1-22-18 16 112 11
1-22-19 13 176 12
1-22-20 16 155 2
1-22-21 3 148 10
1-26-15 15 111 11
1-26-16 9 95 16
1-26-17 18 121 15
1-26-18 24 151 9
1-26-19 34 124 33
1-26-20 34 151 68
1-26-21 18 195 10
1-27-15 70 351 135
1-27-16 22 398 49
1-27-17 30 412 79
1-27-18 90 266 24
1-27-19 45 358 23
1-27-20 66 736 37
1-27-21 39 319 29
1-28-15 15 108 21
1-28-16 22 121 6
1-28-17 8 125 5
1-28-18 7 84 9
1-28-19 8 103 1
1-28-20 7 85 15
1-28-21 5 101 23
1-29-15 21 176 93
1-29-16 30 186 101
1-29-17 12 155 84
1-29-18 21 175 40
1-29-19 2 137 24
1-29-20 18 226 46
1-29-21 31 204 60
1-30-15 7 186 26
1-30-16 22 139 29
1-30-17 20 142 31
1-30-18 6 130 16
1-30-19 28 126 18
1-30-20 8 122 8
1-30-21 16 1002 26
2-2-15 8 92 8
2-2-16 6 128 13
2-2-17 29 167 11
2-2-18 46 134 12
2-2-19 4 88 9
2-2-20 39 152 24
2-2-21 5 101 33
2-3-15 3 58 5
2-3-16 8 108 8
2-3-17 10 120 7
2-3-18 1 51 4
2-3-19 7 93 4
2-3-20 6 72 5
2-3-21 15 125 33
2-4-15 16 117 4
2-4-16 16 127 7
2-4-17 53 124 11
2-4-18 8 95 2
2-4-19 23 120 8
2-4-20 24 143 13
2-4-21 19 126 20
2-5-15 22 135 6
2-5-16 29 128 12
2-5-17 42 166 10
2-5-18 10 129 7
2-5-19 14 222 43
2-5-20 9 83 31
2-5-21 12 132 15
2-6-15 1255 2703 89
2-6-16 442 874 136
2-6-17 351 388 79
2-6-18 112 304 41
2-6-19 121 352 56
2-6-20 104 266 152
2-6-21 58 276 114
2-9-15 21 95 4
2-9-16 31 118 7
2-9-17 25 138 12
2-9-18 12 110 23
2-9-19 6 84 8
2-9-20 16 164 10
2-9-21 17 115 27
2-10-15 11 141 9
2-10-16 17 307 8
2-10-17 20 270 8
2-10-18 16 235 13
2-10-19 5 253 9
2-10-20 27 254 4
2-10-21 29 223 8
2-11-15 31 133 9
2-11-16 169 235 81
2-11-17 38 144 23
2-11-18 46 97 28
2-11-19 10 141 14
2-11-20 11 171 34
2-11-21 21 151 16
2-12-15 12 99 7
2-12-16 18 116 9
2-12-17 9 110 6
2-12-18 17 164 8
2-12-19 9 122 13
2-12-20 7 126 8
2-12-21 33 101 15
2-13-15 8 92 13
2-13-16 6 103 4
2-13-17 13 113 11
2-13-18 7 122 10
2-13-19 21 142 41
2-13-20 13 122 34
2-13-21 18 130 9
2-17-15 10 91 12
2-17-16 16 126 13
2-17-17 7 120 5
2-17-18 17 90 12
2-17-19 16 112 14
2-17-20 15 127 23
2-17-21 35 180 17
2-18-15 21 66 11
2-18-16 22 130 14
2-18-17 13 85 3
2-18-18 5 125 10
2-18-19 9 111 11
2-18-20 12 165 15
2-18-21 18 133 21
2-19-15 16 134 8
2-19-16 5 211 6
2-19-17 11 106 9
2-19-18 6 103 19
2-19-19 13 81 7
2-19-20 12 109 7
2-19-21 10 120 9
2-20-15 35 167 8
2-20-16 26 112 2
2-20-17 14 130 3
2-20-18 8 88 6
2-20-19 6 131 6
2-20-20 8 162 3
2-20-21 23 140 8
2-23-15 22 98 6
2-23-16 28 142 19
2-23-17 11 106 9
2-23-18 17 128 16
2-23-19 15 107 6
2-23-20 21 99 19
2-23-21 10 76 17
2-24-15 19 110 14
2-24-16 16 120 5
2-24-17 13 102 8
2-24-18 26 91 8
2-24-19 19 141 36
2-24-20 6 124 19
2-24-21 31 172 31
2-25-15 8 152 2
2-25-16 57 228 5
2-25-17 10 220 8
2-25-18 14 113 9
2-25-19 13 201 12
2-25-20 34 107 47
2-25-21 17 151 8
2-26-15 19 148 14
2-26-16 10 122 5
2-26-17 16 135 6
2-26-18 10 109 10
2-26-19 26 137 18
2-26-20 18 148 12
2-26-21 32 132 38
2-27-15 28 183 12
2-27-16 52 213 11
2-27-17 13 114 35
2-27-18 16 223 27
2-27-19 168 294 61
2-27-20 432 1571 358
2-27-21 134 440 66
3-2-15 18 99 93-2-16 48 133 103-2-17 18 131 183-2-18 13 125 283-2-19 15 162 123-2-20 30 125 223-2-21 18 212 21