1-13 0 14 1
1-14 263 4304 194
1-15 134 1015 48
1-16 151 1238 210
1-20 180 2331 208
1-21 106 1302 147
1-22 21 124 11
1-23 80 443 66
1-26 467 4162 380
1-27 240 1009 185
1-28 271 1038 75
1-29 94 718 48
1-30 106 633 100
2-2 179 639 51
2-3 13 107 17
2-4 266 2515 249
2-5 334 3063 189
2-6 1860 8498 944
2-9 83 940 66
2-10 0 8 1
2-11 157 159 51
2-12 105 949 96
2-13 169 1862 103
2-17 123 1372 133
2-18 657 5373 661
2-19 617 5168 546
2-20 957 6518 1027
2-23 314 3351 320
2-24 137 1168 99
2-25 731 1444 155
2-26 175 1106 89
2-27 356 1139 145
3-2 611 1804 159