1-13 0 14 1
1-14 331 4656 261
1-15 154 1078 73
1-16 193 1268 277
1-20 237 2590 254
1-21 120 1449 159
1-22 146 1225 284
1-23 117 1675 132
1-26 548 4510 443
1-27 275 1277 190
1-28 333 1134 107
1-29 95 2052 161
1-30 121 1266 146
2-2 39 173 18
2-3 176 1753 221
2-4 97 2226 106
2-5 363 3224 225
2-6 2225 8691 1247
2-9 78 1061 60
2-10 0 8 1
2-11 152 176 49
2-12 141 1048 117
2-13 173 1961 157
2-17 162 1476 150
2-18 721 5798 766
2-19 295 1894 244
2-20 1234 6881 1089
2-23 367 3906 314
2-24 184 1243 122
2-25 766 1490 220
2-26 187 1148 140
2-27 356 1244 190
3-2 725 1773 176