1-15-16 41 336 151
1-15-17 25 1055 58
1-15-18 39 816 35
1-15-19 20 480 40
1-15-20 25 333 55
1-15-21 24 369 16
1-16-15 27 358 27
1-16-16 23 322 22
1-16-17 33 213 14
1-16-18 21 455 9
1-16-19 12 216 8
1-16-20 13 246 7
1-16-21 25 158 13
1-21-15 11 206 7
1-21-16 15 245 13
1-21-17 11 283 26
1-21-18 25 241 17
1-21-19 77 385 22
1-21-20 12 333 22
1-21-21 8 270 18
1-22-15 33 252 9
1-22-16 26 211 15
1-22-17 14 243 24
1-22-18 35 303 17
1-22-19 39 283 21
1-22-20 13 227 35
1-22-21 12 289 19
1-27-15 37 288 26
1-27-16 13 357 29
1-27-17 29 273 29
1-27-18 43 715 53
1-27-19 17 610 60
1-27-20 27 367 16
1-27-21 27 329 41
1-28-15 23 301 26
1-28-16 12 221 51
1-28-17 20 652 18
1-28-18 18 420 16
1-28-19 26 369 19
1-28-20 21 221 21
1-28-21 51 254 15
1-29-15 15 363 36
1-29-16 35 383 34
1-29-17 29 306 31
1-29-18 17 284 19
1-29-19 11 299 23
1-29-20 19 264 24
1-29-21 62 215 29
1-30-15 33 429 22
1-30-16 19 525 108
1-30-17 20 449 113
1-30-18 16 297 19
1-30-19 31 412 21
1-30-20 27 380 30
1-30-21 24 547 57
2-3-15 56 281 22
2-3-16 23 301 14
2-3-17 18 261 22
2-3-18 20 280 24
2-3-19 12 2294 11
2-3-20 7 1410 17
2-3-21 35 1509 14
2-4-15 23 729 19
2-4-16 17 827 61
2-4-17 28 718 41
2-4-18 22 533 21
2-4-19 325 568 32
2-4-20 209 834 29
2-4-21 294 1128 212
2-5-15 84 722 94
2-5-16 24 537 35
2-5-17 18 275 33
2-5-18 17 317 76
2-5-19 21 394 13
2-5-20 10 447 10
2-5-21 57 474 45
2-6-15 98 417 44
2-6-16 72 467 109
2-6-17 32 331 47
2-6-18 51 308 35
2-6-19 30 381 25
2-6-20 20 416 47
2-6-21 77 448 34
2-10-15 25 322 22
2-10-16 15 245 13
2-10-17 29 387 22
2-10-18 23 196 17
2-10-19 20 235 32
2-10-20 31 236 43
2-10-21 25 266 27
2-11-15 13 266 10
2-11-16 18 226 13
2-11-17 30 232 20
2-11-18 17 252 22
2-11-19 14 269 22
2-11-20 12 375 23
2-11-21 11 329 28
2-12-15 54 387 29
2-12-16 24 278 14
2-12-17 30 282 17
2-12-18 31 223 27
2-12-19 9 221 44
2-12-20 26 257 11
2-12-21 22 281 21
2-13-15 13 405 21
2-13-16 26 279 16
2-13-17 12 298 21
2-13-18 20 221 21
2-13-19 14 252 21
2-13-20 21 235 18
2-13-21 13 196 13
2-18-15 11 382 35
2-18-16 66 413 55
2-18-17 30 235 27
2-18-18 23 312 31
2-18-19 9 342 21
2-18-20 26 377 85
2-18-21 45 489 44
2-19-15 28 254 55
2-19-16 24 306 16
2-19-17 6 267 36
2-19-18 29 159 28
2-19-19 12 227 20
2-19-20 16 333 12
2-19-21 15 247 43
2-20-15 18 240 20
2-20-16 44 507 46
2-20-17 28 444 94
2-20-18 60 430 62
2-20-19 35 417 67
2-20-20 547 1187 338
2-20-21 146 484 86
2-24-15 10 148 16
2-24-16 26 238 28
2-24-17 25 245 21
2-24-18 28 218 45
2-24-19 27 272 31
2-24-20 27 312 64
2-24-21 22 227 11
2-25-15 81 280 27
2-25-16 65 295 38
2-25-17 117 272 42
2-25-18 56 292 45
2-25-19 33 391 31
2-25-20 36 272 41
2-25-21 39 239 15
2-26-15 144 824 154
2-26-16 296 845 280
2-26-17 26 477 42
2-26-18 15 438 32
2-26-19 41 379 19
2-26-20 27 347 28
2-26-21 68 514 54
2-27-15 18 255 18
2-27-16 9 288 11
2-27-17 24 379 39
2-27-18 24 320 58
2-27-19 14 435 19
2-27-20 8 335 13
2-27-21 18 291 26
