1-13 0 14 0
1-14 393 4415 319
1-15 273 1315 117
1-16 38 390 47
1-20 248 1138 135
1-21 48 324 39
1-22 178 500 67
1-23 64 473 39
1-26 97 1215 117
1-27 163 791 177
1-28 81 1423 133
1-29 29 329 30
1-30 41 2268 208
2-2 1 196 12
2-3 24 610 41
2-4 41 354 39
2-5 158 491 124
2-6 209 2521 271
2-9 10 188 16
2-10 0 0 0
2-11 9 82 11
2-12 78 577 65
2-13 18 432 53
2-17 18 1365 22
2-18 93 1849 438
2-19 112 1830 193
2-20 104 1631 172
2-23 80 851 112
2-24 16 550 121
2-25 20 311 19
2-26 77 327 54
2-27 339 3290 442
3-2 33 670 31