1-13 0 14 0
1-14 401 4020 298
1-15 267 1277 140
1-16 35 380 40
1-20 261 1050 128
1-21 52 302 41
1-22 467 4162 380
1-23 240 1009 185
1-26 91 1176 100
1-27 157 672 144
1-28 75 1361 101
1-29 18 314 21
1-30 41 2174 202
2-2 0 190 12
2-3 21 560 21
2-4 160 1542 206
2-5 172 452 87
2-6 184 2371 226
2-9 11 180 14
2-10 0 0 0
2-11 10 76 12
2-12 74 553 53
2-13 18 420 59
2-17 18 1331 17
2-18 86 1738 431
2-19 107 1710 142
2-20 104 1656 165
2-23 73 859 99
2-24 15 547 123
2-25 15 302 14
2-26 75 296 51
2-27 344 3306 401
3-2 32 648 22