1-13-20 0 14 0
1-14-15 7 406 15
1-14-16 12 488 25
1-14-17 36 756 19
1-14-18 82 868 140
1-14-19 168 536 53
1-14-20 6 332 13
1-14-21 21 291 13
1-15-15 4 169 9
1-15-16 4 135 2
1-15-17 11 140 13
1-15-18 3 109 4
1-15-19 4 317 8
1-15-20 1 157 6
1-15-21 6 146 2
1-16-15 2 100 2
1-16-16 10 98 10
1-16-17 4 144 9
1-16-18 3 88 6
1-16-19 3 79 0
1-16-20 2 87 0
1-16-21 9 102 3
1-20-15 15 114 13
1-20-16 8 122 2
1-20-17 67 119 15
1-20-18 15 98 11
1-20-19 22 88 8
1-20-20 32 97 4
1-20-21 5 113 11
1-21-15 3 87 3
1-21-16 7 595 10
1-21-17 12 275 8
1-21-18 0 96 10
1-21-19 1 65 3
1-21-20 8 90 7
1-21-21 6 162 3
1-22-15 4 122 4
1-22-16 1 195 2
1-22-17 3 132 1
1-22-18 8 131 7
1-22-19 2 73 6
1-22-20 4 57 10
1-22-21 14 169 44
1-26-15 5 48 17
1-26-16 3 68 1
1-26-17 20 48 2
1-26-18 2 81 7
1-26-19 0 72 3
1-26-20 3 57 7
1-26-21 3 37 9
1-27-15 13 162 18
1-27-16 6 101 9
1-27-17 170 449 6
1-27-18 4 90 6
1-27-19 3 68 2
1-27-20 3 99 2
1-27-21 8 95 12
1-28-15 2 47 4
1-28-16 2 62 5
1-28-17 5 46 0
1-28-18 15 75 20
1-28-19 3 86 3
1-28-20 14 69 9
1-28-21 4 86 7
1-29-15 47 563 101
1-29-16 104 1030 211
1-29-17 94 587 58
1-29-18 43 309 43
1-29-19 4 568 20
1-29-20 32 375 30
1-29-21 45 328 18
1-30-15 7 167 11
1-30-16 8 282 9
1-30-17 8 238 11
1-30-18 13 371 9
1-30-19 6 314 13
1-30-20 39 325 45
1-30-21 14 601 30
2-2-15 3 69 13
2-2-16 0 57 4
2-2-17 0 61 3
2-2-18 3 56 4
2-2-19 5 58 6
2-2-20 3 51 2
2-2-21 2 78 15
2-3-15 12 110 13
2-3-16 12 89 7
2-3-17 2 73 2
2-3-18 7 79 6
2-3-19 2 75 24
2-3-20 5 746 4
2-3-21 11 100 5
2-4-15 14 87 4
2-4-16 17 124 34
2-4-17 9 144 10
2-4-18 0 107 4
2-4-19 3 106 21
2-4-20 17 73 14
2-4-21 4 92 10
2-5-15 7 119 15
2-5-16 9 110 9
2-5-17 37 135 10
2-5-18 18 168 5
2-5-19 7 150 65
2-5-20 6 335 60
2-5-21 49 212 62
2-6-15 44 113 3
2-6-16 14 172 24
2-6-17 6 73 27
2-6-18 16 182 16
2-6-19 12 120 14
2-6-20 26 87 15
2-6-21 4 129 6
2-9-15 3 41 2
2-9-16 2 84 5
2-9-17 2 108 3
2-9-18 0 58 4
2-9-19 2 66 3
2-9-20 3 80 5
2-9-21 4 89 18
2-10-15 14 97 7
2-10-16 153 102 9
2-10-17 7 423 113
2-10-18 3 78 11
2-10-19 3 84 4
2-10-20 4 111 5
2-10-21 7 111 40
2-11-15 2 116 6
2-11-16 150 288 78
2-11-17 31 105 16
2-11-18 11 72 13
2-11-19 15 111 11
2-11-20 5 87 3
2-11-21 6 102 12
2-12-15 2 62 2
2-12-16 4 48 2
2-12-17 3 62 5
2-12-18 5 62 1
2-12-19 2 73 7
2-12-20 1 107 8
2-12-21 3 52 2
2-13-15 9 87 3
2-13-16 0 67 5
2-13-17 3 57 0
2-13-18 3 53 1
2-13-19 2 82 2
2-13-20 0 41 5
2-13-21 2 62 5
2-17-15 3 121 949
2-17-16 1 87 528
2-17-17 2 73 146
2-17-18 11 182 113
2-17-19 2 164 59
2-17-20 4 100 56
2-17-21 1 58 58
2-18-15 1 137 15
2-18-16 12 182 16
2-18-17 9 88 32
2-18-18 2 104 19
2-18-19 3 85 14
2-18-20 4 91 3
2-18-21 1 78 3
2-19-15 7 139 5
2-19-16 2 80 11
2-19-17 4 59 9
2-19-18 6 85 14
2-19-19 1 64 11
2-19-20 0 59 5
2-19-21 3 63 2
2-20-15 16 71 14
2-20-16 5 70 7
2-20-17 4 92 3
2-20-18 1 101 3
2-20-19 5 77 9
2-20-20 6 102 8
2-20-21 1 70 4
2-23-15 1 30 2
2-23-16 8 38 6
2-23-17 4 40 3
2-23-18 3 46 2
2-23-19 1 68 9
2-23-20 9 74 8
2-23-21 4 41 14
2-24-15 2 140 10
2-24-16 5 65 4
2-24-17 2 65 8
2-24-18 2 80 4
2-24-19 2 104 10
2-24-20 3 74 5
2-24-21 1 72 9
2-25-15 6 55 3
2-25-16 31 90 25
2-25-17 9 134 5
2-25-18 1 103 7
2-25-19 3 127 5
2-25-20 3 84 8
2-25-21 21 103 23
2-26-15 10 118 10
2-26-16 108 303 43
2-26-17 81 842 66
2-26-18 3 173 17
2-26-19 7 125 12
2-26-20 20 178 23
2-26-21 16 253 31
2-27-15 19 412 57
2-27-16 24 519 51
2-27-17 32 396 74
2-27-18 58 456 73
2-27-19 78 537 46
2-27-20 49 375 75
2-27-21 104 655 66
3-2-15 6 70 63-2-16 4 72 33-2-17 1 74 03-2-18 15 113 43-2-19 13 101 33-2-20 4 80 33-2-21 5 74 4